# Shape: [1024]
# Dtype: bfloat16
# Total elements: 1024
# Storage: 2xBF16 packed as UINT32 (little-endian: [bf16_0|bf16_1] = bf16_0 + bf16_1<<16)
# Layout: C-contiguous (row-major), flattened
1037581758
1054555853
1027980912
1041251805
3183001172
1042923063
1050394344
1053245094
3178839520
1056554504
3190079086
1032338820
3179036318
1024638613
1041841680
3198139837
3169238817
3196304457
1048885850
1032830209
1037745497
3198336132
3166617226
3179396753
1040924495
3182673544
3200761033
3189980527
3200007286
3187162654
1027226875
1037811126
3191618885
1032404968
3201187270
1044495932
3181985177
1039645895
3173137987
3196074818
1038990855
3206167871
1027357931
3200499299
1044627031
3179658623
3184377230
3184573994
1060814145
1044921630
3187687019
1041776077
1049116085
3140599370
1033977328
3190209910
1057602946
3174874311
1044201059
1050263128
1056226846
3183230352
1026670097
1028603508
3201088795
3189423512
1026604987
1037647189
3189357203
3197222522
3191913904
3174088171
1064943186
3203251776
1042070645
1041251866
3165011480
3195026875
1028832640
1029422303
1038237080
1032273673
3180018847
1032633964
3172548052
3188014756
1051803008
1044331748
3194403960
3201514637
1044528771
3154525754
3205152177
1022115044
1033977358
3195125387
3172515265
3181559212
1058946700
1050721878
1056324917
1023295136
3194862885
1043807694
3186081232
1045773966
3190538041
1041022388
1034206284
3198696605
1032273107
3167010202
3144400336
1048820994
3190799969
3191815821
1033354794
3186015700
1053998892
3181690418
3165830652
1032240417
3178610354
3201481961
1043971278
995638837
1030209088
1032601371
3196894903
3198500462
3198565608
3189652704
1033551486
1051048997
1025982118
3182444110
1030863970
1033518445
1024049063
1040596758
3174972851
1049247279
1018117763
1050394116
3179134421
1042038282
3191651621
3196435990
3183361477
1052655128
1035386364
3172515325
1040760197
1050918165
3159866946
3200007649
1050099712
3179855005
3182345622
3195420382
3182804517
3193716364
3163635203
3180117314
1049017604
3188309670
1047215697
1040498348
3188866712
1039809964
3190865464
1052950013
3175332978
1033845869
3179953395
1029193008
1038401119
3182018081
3194273323
3169959444
1063927297
1032437193
3171368530
1050000815
3180969511
1041776551
1050131909
1039547802
3161341285
1034108581
1044692533
1041645100
977092098
1054719127
3161931345
1050131848
3182870122
1040694884
1025130040
3182968342
3193421093
3170483720
1039122009
3182083693
3177201402
1053867570
3196009934
1047707041
3146399403
1030929883
1034304798
1031847298
1031650881
3180837774
3195223779
3173432877
1016249806
3199712427
3195256472
3200892273
1041907121
1043152726
1044168474
1041186373
3193847276
3186113954
1060552111
1054161085
3193093942
3198598075
1041612466
3170877066
3162848815
3177594186
1031453966
1038106216
3172810303
3189456444
3175726555
3175399053
3193355677
3180576062
1039318406
3162881433
3180805736
1038761355
3189882282
3204594945
3194043969
3186834777
3196763591
3160948202
1035222686
1047936003
1051180725
3207118469
3185130935
1028865470
3191389961
3211083310
1015594235
1048460893
3174154058
3182149179
3185360481
3208461071
1046265381
3192077780
1029914045
1028472287
1050951203
1042333067
3170319946
3163176491
1032141967
1025130140
1043643458
1042890265
1039056415
1023458562
1029782771
1044528778
1049411074
3200105722
3205905826
3189882209
3188178592
3179691255
3202334265
1047019019
1038368270
3187293466
3192733316
1060715985
1033125857
3174841690
1042988592
3192110671
3188473092
1037253522
3184311794
3163405925
3177397852
3183067212
3144825920
1058094441
3199122863
3195682306
1043774958
3161079629
1046527321
3194174428
1017429529
3187850880
1053081078
1074216469
1042070929
3175398739
1036958762
1042365907
3198303658
3183754526
1055899112
1050918444
1032601076
1012088398
1030930069
3157114517
1036729532
3200892570
1065795198
3171303067
3195223377
3184770208
3194338809
1015528912
3185688278
3183065849
3180608836
1000717830
3197844428
3171794442
3203055131
1062681690
3169172669
1036893737
3167960618
3192831457
1040629043
3179560609
3189063325
3195879060
1073659524
993181373
1017691736
1034665743
3183165041
1009106099
3179167144
3200040203
3151543653
3185032781
998128738
1037090581
1041055177
3187785000
3184573242
3176906431
3200368081
1050033706
1040105162
3224124991
3162816034
3188014640
3196501518
1034829309
3164454404
1053343134
3199155906
3179003616
3172515169
3175890566
3195780830
3190570427
3206987337
1053015704
3172154897
1034403457
3177561418
1046396298
3215572597
3171958267
1053932775
1048591966
3180576391
1033649857
3183230445
3194207773
3209411843
3183525372
1058651733
3196796561
1052622400
3213016362
3189030067
3203808781
1042890313
3183296004
3183591116
3202793003
3166125370
3184442783
1041677913
3188964351
3204759335
3194764810
3186704116
1040072238
1023819427
3189587525
1015004697
1051409362
1024670871
1040367367
3205217588
3194339239
1045315279
3202137747
1075723728
3195354449
3176316379
3199122879
3192569570
1040989437
1053474501
3180248478
1022802579
3209674150
3194305793
1050361409
3197517323
3164290607
1032993662
1052425644
3176512845
3200466235
3156950442
1017658883
3188964402
3186015557
3148824067
1028308407
1025326638
1057209720
1055538570
3167861981
3185000067
1045871788
3191389830
1027915311
1044102766
3159800899
3190800065
3194437145
1027095726
3192209014
1060716067
3192143427
3200007476
1027784197
1016249518
3190341092
1031028327
3190210096
3185393055
3191062101
3173235904
1035058838
1034600002
3189161618
3203841842
1010547670
1034862120
1049214369
1050951129
3180150115
3192241811
1051278635
1044364364
3192405624
1029028876
3128180342
1055211221
1018117576
3180281101
1048230871
1036926473
1041972455
1043086621
3190504646
1033944483
1037646842
3165961523
1045249343
1006911113
3189227046
3169140165
1043775188
3174284976
3190046118
3193421477
1039580107
